X= 1.592600
Y= -0.159770
Z= 44.000000
