X= -0.065900
Y= 1.684700
Z= 64.600000
