X= -0.182500
Y= 0.511800
Z= 206.906300
