XOffSet= -0.340000
YOffSet= 0.360000