XOffSet= 1.730000
YOffSet= -0.130000