XOffSet= -0.130000
YOffSet= 1.730000